31336 4
1061127 0
1106406 1
13195 1
37879 2
1126012 2
1107140 3
1102850 4
31349 4
1106418 3
1123188 4
1128990 5
109323 2
217139 6
31353 4
32083 4
1126029 1
1118017 4
49482 4
753265 4
249858 3
1113739 1
48766 5
646195 2
1126050 1
59626 3
340299 4
354004 2
242637 4
1106492 0
74975 6
1152272 4
100701 6
66982 4
13960 1
13966 1
66990 4
182093 1
182094 5
13972 1
13982 3
16819 2
273152 5
237521 4
1153703 6
32872 1
284025 4
218666 6
16843 2
1153724 6
1153728 6
158098 2
8699 3
1134865 5
28456 3
248425 5
1112319 3
28471 1
175548 4
696345 4
28485 1
1139195 6
35778 2
28491 1
310530 6
1153784 5
1481 6
1153786 2
13212 4
1111614 6
5055 3
4329 2
330148 4
1105062 1
4330 2
5062 6
4335 2
158812 4
40124 3
1103610 3
688361 4
302545 2
20534 1
1031453 4
5086 2
193742 1
58268 0
424 0
40151 3
636098 3
260121 4
950052 4
434 1
1131270 2
1131274 2
1131277 2
1110947 6
662279 4
1139928 3
153063 2
134199 5
641956 4
20584 4
1130567 1
171225 4
714879 2
37998 0
50336 2
50337 2
15429 3
23448 4
1122574 4
1110998 4
853150 4
15431 3
646286 2
1152307 6
1115291 2
1106547 1
68463 0
59715 5
69198 4
7272 4
163235 4
7276 4
34315 4
644843 2
7297 4
628815 1
35061 5
68495 3
1136310 2
18313 1
34355 4
45212 4
1153091 0
8703 0
126920 2
126927 2
595157 5
140005 3
1117476 5
59798 4
219446 4
44514 4
287787 5
157401 4
1154500 6
682666 1
399173 6
198866 6
51834 3
200630 4
782486 4
1136393 4
137849 2
1153811 0
24966 3
11148 0
51866 3
24974 4
137868 2
28542 1
35 5
116021 3
348305 0
10430 6
39403 1
40 5
282700 4
1105116 2
35854 3
63477 6
124064 1
1120431 4
949318 4
649944 0
63486 3
1153866 0
1140040 4
1112426 4
239800 3
1131314 2
1153891 6
1129835 0
310653 2
1130600 1
1111733 4
210871 5
210872 5
1132083 4
132806 5
12631 4
12638 4
38771 4
232605 0
232606 0
1107312 1
1114605 4
68505 3
133553 4
144408 4
23502 4
1108050 4
23507 4
83826 4
133563 4
85299 4
49660 3
593060 5
341188 1
714975 2
1115375 4
95435 1
145176 4
1113934 6
1132809 0
22835 4
1153148 2
41714 5
1118245 1
1152436 6
1153166 6
1153169 0
38000 0
1152448 6
1137140 4
30895 3
5966 5
1136422 4
27174 4
1128407 6
1124844 4
1153195 4
1113995 4
1136442 4
8821 6
46079 5
119761 4
1111052 1
315789 5
1108841 4
1135746 3
100935 5
353541 4
60682 6
253762 2
8872 1
714260 2
137956 0
35922 2
2354 3
168410 1
346292 4
1153933 4
1119751 3
17798 6
400356 4
10531 4
1110390 6
714289 2
733167 4
81714 6
428610 4
552469 3
164885 5
81722 6
111866 3
194617 4
93318 4
134307 2
203646 4
367312 4
650814 5
93320 1
134315 2
134316 2
976334 1
1095507 2
134320 2
662416 2
194645 1
1131421 4
161221 4
38839 6
38846 6
133615 0
1112574 3
521207 6
3828 6
593105 5
390693 4
642847 2
1122704 4
4584 1
7419 1
30901 3
1115456 4
7432 1
573553 3
1022969 6
143801 4
612306 0
417017 6
396412 4
1107455 1
91975 1
180187 0
27203 3
1152508 5
69392 4
1118332 4
189577 2
1114777 6
75969 0
1132922 4
1153254 0
1117618 3
6767 6
27241 3
27246 4
95589 1
6771 3
86840 3
108962 2
6786 2
108963 2
108974 2
1117653 4
1152569 5
1132968 4
370366 4
108983 2
399339 1
64319 3
1110426 0
1102407 4
1127812 4
1128542 4
65057 2
159084 4
159085 4
65074 2
33895 5
2440 0
1717 2
249421 4
3187 2
591016 0
1110494 4
29492 4
400473 4
644334 2
949511 4
205192 4
763009 4
169280 4
1120643 5
645088 2
5348 4
124296 4
1121398 5
950305 4
567018 4
52000 4
52003 4
52007 4
58540 1
436796 4
948846 4
8213 1
671293 2
1131550 5
899119 0
1105394 1
85452 3
1112686 2
69418 4
8224 3
145315 0
575077 5
20850 3
44017 3
1135125 4
286562 4
1123553 1
1135137 4
325314 4
662572 4
159897 2
1130856 5
96335 4
755082 2
1123576 4
1103979 4
593260 5
601567 0
1119140 4
189655 2
31769 4
1107567 3
88356 2
1033 5
1034 5
1106849 4
16470 4
35343 4
16471 4
1154074 4
16476 4
23774 1
16485 4
136665 1
94953 4
9708 6
38205 5
645897 2
216877 0
18619 3
559804 2
6898 4
166420 3
787016 5
73146 2
1136634 3
1111230 1
3218 0
3229 4
193347 0
84020 2
3231 3
52847 3
193352 0
193354 0
1110531 6
686532 4
711598 3
1063773 4
3243 3
78994 4
181782 1
284414 6
114189 2
686559 4
253971 4
1106103 6
1114125 1
75318 4
45599 5
97892 6
446271 2
1106112 1
280876 2
12182 3
175909 6
64484 1
6125 3
1120713 6
1114153 4
12197 3
248823 1
919885 4
94229 4
1120731 1
23069 2
6151 1
6155 1
23070 2
644448 2
1112723 4
31097 6
6169 1
1106172 1
6170 1
211875 4
1109017 5
5454 4
6184 1
10796 6
10798 6
1120777 4
86258 3
154134 6
6196 1
20920 2
20923 2
22386 6
1131639 4
77515 3
93555 4
17201 1
644494 2
17208 1
1125082 5
1131647 4
74698 2
13652 4
20942 3
390894 2
390896 2
1125092 1
13656 4
1116347 1
13658 4
114966 4
120013 4
1117089 1
57948 3
334153 3
160732 0
1154103 2
12946 2
1104787 4
17242 2
321861 3
189721 2
1119211 4
12960 3
95718 3
6910 4
180373 4
6917 0
358884 3
887 5
180399 4
358894 3
1154169 4
120084 4
1120019 4
1152711 4
1154176 5
424540 4
1118546 2
643003 2
112099 6
1104007 3
1120049 4
175256 5
45605 5
15889 6
35490 6
221302 6
562123 4
1104031 6
1129442 4
1129443 4
1137466 5
328370 4
1103315 1
12210 3
1104055 3
64519 1
114 1
1109873 4
128 1
12238 3
1112099 3
18774 2
18777 2
130 1
23116 3
948299 4
6209 1
197054 1
6210 1
6213 1
6214 1
6216 1
6217 1
2653 3
2658 4
753047 3
188318 4
74700 2
67415 3
6220 1
2665 4
28957 2
143323 6
340075 4
1949 6
1953 6
1955 6
1959 6
390922 2
22431 0
1113541 4
1132418 4
628500 1
648106 4
1104809 4
4804 3
648112 4
33301 6
33303 6
267824 4
1138970 3
13717 0
1131719 0
1120866 4
1106287 4
755217 1
647408 5
1116410 6
1132459 4
1105574 4
1133196 5
307336 4
906 4
1131745 4
1131748 4
910 4
943 6
31927 4
101261 3
101263 3
31932 4
779960 4
1135358 3
1154230 2
1135368 4
28227 1
32688 4
189856 2
27510 3
27514 4
1154276 4
27530 4
1152821 4
28265 6
103430 4
27543 4
39126 2
28278 1
39131 6
10169 3
28287 1
1129518 2
1272 3
194223 2
10177 3
18811 2
18812 2
73327 6
1117942 1
15984 2
202522 2
1152858 2
1152859 4
10183 6
81350 1
259126 4
13024 0
1120170 1
46452 0
26850 4
18832 1
18833 1
82098 5
103482 4
158614 3
46468 2
71904 4
80656 4
29708 4
1128839 4
1128846 4
12330 4
240321 4
1128853 0
219976 6
38480 1
12350 3
1104191 4
7022 4
63931 0
68224 4
1110768 4
384428 4
1107041 6
1114352 4
1107062 5
288 1
1107067 6
91581 2
39904 4
6334 6
123825 4
23258 1
66805 5
6346 6
55968 1
368431 3
179702 4
1140547 4
1114388 3
90888 4
510715 2
33412 4
188471 1
1152143 3
1120962 4
1125258 4
648232 4
143476 2
1152150 4
1117249 3
25413 0
1152162 4
241821 4
350362 3
1116530 2
61069 5
1110000 2
646809 5
1105698 2
1152194 4
198653 5
1116569 4
77758 4
854434 4
1128151 5
1123867 3
191404 2
1116594 4
126793 2
43639 4
44368 5
97390 5
87915 2
131117 4
8581 4
27606 3
1115886 1
184157 1
8594 0
1152904 4
1120211 4
28350 1
1152910 1
27627 3
649731 4
308920 2
289780 5
289781 5
19621 4
1129608 4
1365 4
103543 2
28387 1
28389 1
43698 4
54550 6
1129621 4
46536 4
1129629 5
294126 0
568857 5
447224 5
38537 2
1152975 6
34979 3
1104261 3
139865 4
56709 5
1128945 5
19697 4
107177 3
1131165 2
1128959 5
152219 4
184918 4
16008 2
1122425 1
928873 4
206259 1
714748 2
1131189 2
217115 3
560936 4
1131198 5
1128985 5
466170 4
429805 6
561674 4
654177 6
95225 3
37884 2
37888 2
1128997 5
545647 3
42207 3
42209 3
82920 5
128202 3
128203 3
1134056 4
1102873 4
42221 3
1107171 6
1133338 5
67633 6
375825 2
48781 5
75674 1
289088 4
1152244 6
13917 1
75695 4
34257 4
1117348 4
574710 5
34263 4
1128204 5
34266 4
1128208 5
1116629 4
110162 6
110163 6
110164 6
628751 4
708945 4
1123926 3
1152277 4
77826 6
77829 6
8617 4
242663 2
8619 4
628764 4
628766 4
1125393 6
66986 4
646913 5
578309 4
18251 6
1152290 3
954315 0
212107 2
578337 4
907845 4
1127530 2
1128267 1
28412 1
594387 5
1127541 4
44455 5
45188 3
45189 3
62607 0
1127551 2
1123991 2
1127558 2
105057 3
1128291 5
1127566 2
1154459 5
218682 6
28447 6
1153736 3
62634 5
211432 3
112378 6
1113035 4
1118848 4
137790 3
217984 4
949217 4
28473 1
1104300 2
1105033 1
11093 2
696342 4
696343 4
696346 4
28487 1
5038 3
195150 0
62676 4
13213 1
576973 5
35797 4
134128 1
166825 6
175576 3
509379 3
1113084 4
53942 3
642621 2
1131236 2
1112369 4
446610 2
644093 2
411092 0
642641 2
408885 2
1131258 2
1131267 2
13269 2
1104379 4
1114502 5
1107215 6
83725 5
84459 3
642681 2
445938 2
1103676 4
1130568 4
1153003 4
51045 2
12576 5
144330 3
105865 4
51052 2
746058 4
1153014 2
641976 4
561789 2
1130586 4
368605 4
1133428 4
1113828 4
129042 6
129045 6
6539 3
1153031 4
1122580 3
1132706 6
1152308 6
105899 2
50354 4
1121867 3
1113852 3
1153056 1
94641 5
1153065 5
1133469 1
35070 6
576257 5
368657 4
1129018 5
263069 5
1129027 5
1152358 5
1125467 2
1125469 2
72101 4
40922 6
1153097 4
1109439 4
423463 2
128383 6
683360 2
1129040 5
52515 2
41666 3
1128319 5
1152379 3
1136342 5
1125492 5
1108728 0
265203 5
628888 4
1127619 0
56112 5
56115 5
56119 5
89547 3
51831 4
91038 2
96847 5
521855 2
594483 5
1119623 2
96851 5
1136397 4
158172 2
1127657 3
131315 4
131318 4
289945 4
62718 6
229635 5
56167 6
1119654 6
51879 2
10435 6
137873 2
168332 1
330208 4
689152 4
1120444 6
1153877 6
111770 2
1153879 6
108047 5
1131300 2
362926 0
129896 2
129897 2
59045 3
1153889 6
239810 6
20601 3
20602 3
416964 4
38722 3
72908 0
116081 0
1153897 5
116084 0
116087 0
1113182 1
1131330 2
582139 4
561809 2
14062 5
1104449 4
39474 5
27895 3
167670 2
1131345 4
1131348 4
14083 4
1103737 3
65650 3
93273 3
65653 3
5194 4
14090 2
1131360 5
1130634 4
976284 3
1130637 6
593022 5
1131374 5
975567 5
133550 4
145134 4
1130653 6
1130657 6
1104495 4
133566 4
133567 4
1122642 4
1114629 1
91852 6
91853 6
376704 6
1153101 0
32276 3
1130678 4
83847 4
8079 3
593068 5
285675 4
1130680 4
1106630 4
278394 4
285687 4
69284 5
6639 0
14807 3
152483 5
683404 2
593091 5
1117501 4
99023 4
99025 4
513189 5
1152421 5
1153150 0
99030 4
1105932 0
1153160 3
1106671 4
531348 2
577086 5
531351 2
25702 4
87482 4
135765 0
135766 0
1132864 2
22886 6
1118286 0
162664 2
1109542 2
1116835 4
1116839 6
1103016 4
1128425 4
1116842 3
1136446 4
1136447 4
27199 3
1125597 5
1132887 2
593813 5
594543 5
917493 4
1128430 6
51909 0
1108834 4
1128437 3
989397 3
97645 5
8832 6
1103031 2
346243 3
1119708 5
36620 6
25772 4
640617 5
8865 5
950986 4
35905 4
8875 5
25791 4
100961 4
738941 4
64271 6
3084 6
3085 6
28649 3
3095 6
3097 6
1153943 5
1121254 2
74427 4
231249 5
1105221 5
28674 3
1129907 2
650807 5
348437 3
1688 5
33013 1
38829 6
307015 5
127033 5
310742 2
1694 5
650834 5
1131420 4
193918 4
85324 4
642827 2
38845 6
193931 4
193932 4
4553 0
1116146 6
85352 5
261040 6
145215 6
646412 2
1131464 4
1131466 2
574264 5
458439 3
57764 3
646440 2
1111899 6
521252 3
1115471 0
1123493 3
601462 5
421481 2
385572 4
30934 3
84695 4
189566 2
69397 3
6741 3
177998 5
395725 4
61417 0
54129 5
1118347 4
1106764 0
102406 3
75972 0
95579 1
54132 5
27243 3
1153262 2
1153264 3
30973 4
1129208 3
1106771 4
27249 3
95586 1
95588 1
255233 6
6775 4
129287 4
27250 3
19231 3
1153275 3
1132948 4
1106789 2
95597 1
6784 4
682815 5
1153280 5
148170 5
263279 5
1116922 0
1152564 6
1118388 6
851968 4
3101 6
1129243 1
170798 6
3112 6
503877 5
17821 1
503883 5
561238 5
1110438 4
575795 5
1116974 4
272720 3
415693 5
18582 5
11325 0
11326 3
1103162 1
1111186 4
578645 5
578646 5
578649 5
1121313 6
11335 0
1102442 3
11339 3
52784 3
11342 3
1130080 4
3191 2
3192 2
400455 4
1135899 4
591017 0
751408 4
1140230 4
1140231 4
1106052 6
70970 5
67245 4
67246 4
205196 4
135130 1
123556 4
645084 2
1786 0
66556 5
1130808 4
4649 0
582343 3
395075 5
582349 4
20833 6
1131549 5
58552 4
85449 4
49811 3
77438 2
4660 3
66594 3
66596 0
314459 4
1116268 3
1103960 5
49843 0
1103969 2
593240 5
207395 6
593248 5
943087 3
7532 4
7537 4
25181 4
25184 4
16437 4
1103985 5
6814 2
6818 2
1154042 4
23738 3
1107558 2
137359 0
16451 4
318071 2
232860 4
1107572 3
49895 0
16474 4
1154076 5
626999 4
137380 0
1119178 6
33904 5
1119180 6
33907 5
174418 3
70281 4
73119 2
9716 3
174425 3
416455 5
18615 0
127940 4
1152663 1
675649 4
1117760 1
1138091 6
1152673 4
321004 5
139547 4
45533 4
3217 3
1111240 4
523574 2
1110515 5
73162 2
52835 0
3220 4
3223 3
1129367 5
1129368 5
1129369 5
84021 5
1127913 5
3233 2
3235 2
3236 3
562067 2
3240 3
92065 4
213246 4
911198 4
12158 3
20178 6
20179 6
80491 4
561364 2
20180 6
245955 1
1102548 6
1817 5
31043 4
1102550 5
20193 6
1110579 6
213279 4
1133010 2
157761 3
31055 4
12194 3
1133028 3
578780 5
12198 3
12199 3
90655 4
6130 4
337766 6
112787 6
1133047 5
1105428 0
785678 5
644441 2
672064 4
41216 4
1105433 2
1113459 1
55770 6
6163 1
259701 5
259702 5
1131607 2
430329 4
643734 4
643735 4
656048 6
1131611 3
617575 4
1105450 3
15076 4
10793 3
1117049 5
647315 5
33231 2
1116328 4
1104749 5
594025 5
315266 2
643777 4
1130927 4
1132385 3
1108329 6
1130929 4
1104769 2
594047 5
1130931 4
1130934 4
141868 6
593329 5
144701 5
574462 5
60170 4
120039 6
502574 6
293974 2
1119216 2
1108363 6
191216 4
469504 4
358866 2
1116397 6
191222 4
36145 4
1115677 4
577331 5
31863 2
566488 6
358887 2
6935 0
6939 0
197783 4
34708 4
1107674 5
248119 3
318187 0
1152714 4
1154173 2
300071 2
1120020 1
423816 5
1106966 1
148341 5
136766 0
325497 1
136767 3
136768 0
409255 4
1152740 1
1117833 6
309476 3
1120059 4
80515 4
65212 4
15892 6
1120084 4
576691 5
148399 3
175291 4
1112071 2
117 1
157805 3
300806 4
31105 4
154982 2
141160 4
112813 6
98693 5
98698 5
192734 3
12247 3
1109891 4
141171 4
312409 4
608190 5
608191 5
55801 6
1136791 5
815073 4
1114222 2
173884 2
1102646 4
63832 5
211906 3
83449 6
2654 3
815096 4
277263 0
1105505 4
48550 4
83461 0
48555 4
6238 3
636500 3
340078 4
1113534 4
578898 5
1951 6
1952 6
1956 6
636511 4
463825 3
1121569 4
1105531 2
14428 2
14429 2
74749 3
14430 2
14431 2
1132434 4
648121 4
582511 3
688849 4
1997 2
1131728 6
1106298 3
86359 1
647413 5
1120880 4
1131734 5
562940 0
230879 4
1104851 3
1152075 3
58758 5
230884 4
34082 2
1132486 4
39890 2
66782 0
218410 1
647447 5
1117184 6
66794 2
227178 5
936 6
940 6
575292 5
941 6
1109185 4
85688 0
28202 1
50807 5
379288 6
1154229 2
1109199 5
118682 2
153598 1
1154251 4
62417 2
1125909 2
79809 3
739280 4
70441 6
70442 6
70444 6
79817 2
129558 6
892139 1
576725 5
28254 4
1246 1
237376 3
27531 4
397488 5
42847 4
42848 5
155736 3
155738 3
39124 6
39127 0
39130 6
1153577 5
335733 5
28290 1
18815 6
1136814 5
1120169 3
82087 5
178209 0
139738 4
82090 5
18834 1
39165 2
190698 4
1125992 6
1109957 1
46470 3
46476 0
1129570 5
1071981 1
1129573 5
39199 4
12337 4
29723 2
694759 5
46491 3
1128856 0
1107010 6
643199 5
1104182 1
12347 4
63915 4
519353 2
608292 5
1121603 4
1130356 3
12359 4
192850 3
7032 2
1128881 0
140569 4
1114331 5
7041 4
561581 2
561582 2
192870 4
1113614 1
1102761 6
116528 3
561595 2
94416 0
5600 6
1000012 0
1114364 4
1121659 2
66809 1
6343 6
212777 0
583318 5
709518 4
350319 4
116553 5
170338 1
179706 4
1112929 4
656231 6
14531 6
1106370 4
1109208 5
1114398 4
95188 6
510718 2
208345 6
6378 1
22563 4
10981 4
110041 5
14549 3
95198 6
6385 1
575331 5
568045 0
1136110 4
1131828 6
67584 2
243274 4
135464 4
1105672 4
93755 3
756061 4
522338 2
219239 3
61073 5
262178 5
686015 4
1110024 6
613409 2
686030 4
227286 4
45061 3
646836 5
1108551 3
13885 4
1104999 5
566653 6
1127430 5
299197 4
1135455 4
97377 3
592826 0
566664 6
633030 2
633031 2
686061 3
592830 0
573964 5
1155073 0
17476 1
17477 5
190706 5
28336 5
573978 5
1107861 3
17488 1
1128198 5
1108597 6
103515 5
27623 4
200480 6
103529 6
649730 4
39210 4
46501 3
27632 1
649739 4
1119471 3
103531 6
470511 6
509233 3
236759 4
237489 4
1152944 1
1118764 3
643221 2
212097 2
608326 5
643239 2
1131116 5
202639 4
141324 5
294145 0
1128927 0
561610 2
561611 2
147870 4
248395 4
1128935 0
241133 3
141342 5
141347 5
1128946 5
1131164 2
12439 4
1131167 2
1129683 5
359067 6
117315 5
117316 5
144212 5
1106401 3
1134022 5
13193 1
1131192 2
1107136 5
1131195 4
1128982 5
121792 4
653441 2
385251 3
1126011 2
1134031 0
642593 4
1115166 6
737204 4
118079 1
1122460 4
1114442 5
589923 2
1121739 1
626574 2
1126037 4
645452 2
753264 3
1126044 4
74920 2
74921 2
1105718 4
48764 1
48768 1
1113742 5
74937 4
575402 5
168958 4
78508 4
289085 4
78511 5
308232 0
682508 2
75691 4
75693 1
75694 1
155158 0
1105764 1
1152259 2
579008 5
1128201 5
1133390 3
1118083 4
78549 4
604073 4
595056 5
1118092 1
1125386 3
78552 4
78555 4
78557 4
646900 5
595063 5
648369 4
1128227 5
89416 2
578306 4
683294 2
440815 2
126867 6
126868 6
72056 4
1119505 5
1128256 3
1108656 6
71336 4
1109392 4
40886 4
1115959 4
578347 4
284023 4
345340 1
621555 4
118873 4
8687 0
226698 4
578365 4
1135589 4
8696 3
1118823 3
411005 4
509315 5
171954 3
230300 1
1105011 2
1121057 6
592973 5
592975 5
48066 3
248431 5
1121063 3
592986 5
48075 0
289885 2
592993 5
592996 5
28489 1
590022 2
111676 6
13205 1
13208 1
102938 4
102939 4
416867 3
72805 0
574009 5
294239 4
1131223 2
77108 3
5064 6
5069 6
1131230 2
40125 2
1123215 3
20526 1
20528 6
77112 3
107251 3
107252 3
5075 6
126128 4
734406 4
40131 4
703953 2
40135 4
1131257 2
1123239 4
1129778 5
662250 4
711994 4
273949 3
1131266 2
1130539 6
377303 5
179180 4
1129798 5
1114512 0
1110950 6
12558 5
853114 4
853115 4
853116 4
853118 4
1114526 3
212930 4
206371 5
105856 4
463 6
20592 4
51049 2
20593 4
83746 4
124734 3
106590 2
1133417 2
1125402 2
1153024 2
853155 4
1118120 4
1105810 6
1113831 5
646289 2
1106546 2
31479 2
31483 2
31489 2
94639 5
631015 4
645571 2
1106568 4
430711 4
7296 4
1132731 5
1153064 3
93923 0
1134197 4
87363 5
395540 2
395547 4
50381 3
1129015 5
126909 2
143676 4
395553 4
752684 4
1129021 5
19045 5
631052 4
126912 2
116790 2
5869 4
579108 5
683355 2
1105877 2
59772 4
243483 5
126926 2
155277 2
1128314 5
1105887 0
1110209 2
307656 5
199571 4
1152394 4
60560 4
595193 5
990075 6
119686 4
1154520 4
28504 1
1154524 0
1154525 0
1129096 1
1128369 5
96845 5
380341 4
8766 0
1110256 3
55403 0
389715 3
1153816 5
131317 4
260979 3
264556 4
35852 1
1119671 4
1153853 5
1112417 2
1153860 5
1153861 4
35863 1
1121176 6
1131301 2
1131305 2
1105148 1
134219 5
671052 4
1131312 2
156794 2
1153896 5
1153899 5
167656 3
239829 6
1104435 2
187260 6
231198 4
1131334 2
1131335 2
142268 2
504 2
506 2
228990 4
228992 4
1132073 4
654326 5
1116044 2
1131359 5
643485 2
654339 5
1107319 3
132821 3
360028 3
214472 1
646334 2
653628 0
1107325 6
166989 3
1111788 3
151708 4
118259 1
32260 3
137130 2
92589 2
118260 1
124828 4
141596 4
197452 4
646357 2
1153106 4
30817 4
642798 2
1130676 4
1107355 1
1118209 3
987188 4
87417 5
23545 3
23546 0
1113926 4
94713 2
1107367 6
987197 3
521183 6
1114664 6
69296 5
51180 3
43165 4
1132815 4
1107385 4
100197 4
520471 0
215912 4
61312 5
1129106 6
43186 4
1129111 4
41732 1
22869 6
9513 3
9515 3
119712 5
270456 4
5959 6
576362 5
1153183 3
22874 6
22875 6
22876 6
1124837 2
1132857 2
594511 5
22883 3
238401 3
1136449 4
714208 2
9559 0
135798 6
1152490 4
1109566 3
1103038 6
177115 6
523394 2
1128453 5
1109581 2
101660 0
101662 3
9581 2
9586 5
1135750 4
51934 4
762980 4
1153900 5
593859 5
714256 2
8874 5
25794 4
75121 6
28632 3
1153922 4
1119742 2
63549 4
1138619 0
1102364 2
28640 3
28641 3
409725 0
292277 5
606479 5
1153942 5
1153945 5
1153946 4
709113 0
194609 4
90470 2
820661 4
820662 3
1105231 5
73712 4
54844 3
684972 2
134314 2
735303 5
824245 4
195361 1
529165 4
1131414 4
617378 4
1120563 6
47570 6
684986 4
735311 4
187354 0
1132157 2
58436 6
278403 4
58453 5
58454 6
206524 0
593104 5
133628 3
46887 4
49720 2
1131471 6
643597 2
1107418 5
1129994 2
573535 3
814836 0
1119004 4
1134320 2
1116181 3
1108167 3
1108169 4
49753 2
57773 0
7430 1
521251 6
593155 5
642894 2
1126315 4
1108175 4
1059953 3
521269 6
1118302 0
1130780 2
1134346 2
1134348 2
1135082 4
899085 0
124952 2
240791 5
189571 2
189572 2
1126350 3
189574 2
177993 5
27230 0
1119078 3
128540 5
308529 1
54131 5
75983 4
15670 5
33818 4
95594 1
6782 3
33823 4
25805 3
1153287 1
596075 6
817774 4
18532 4
18536 4
235670 0
235678 0
235679 0
739707 4
17811 5
503871 5
235683 0
1128531 0
594649 5
1128536 3
1102400 3
593921 5
486840 5
1127810 4
503893 5
399370 4
387795 5
220420 5
593942 5
8961 1
645016 2
481073 1
11337 3
578650 5
1130069 4
1127851 0
124224 4
37483 6
578669 5
1127863 0
1135894 4
645046 2
22229 5
149669 2
365294 1
169279 4
1138755 4
323128 3
22241 5
156977 4
763010 4
1120650 0
1105344 4
59244 6
286500 5
567005 4
644361 2
644363 2
154023 4
286513 5
459206 5
671269 4
1105360 0
1112650 2
632796 2
47682 4
47683 6
47684 6
4637 3
642920 4
634902 5
459213 5
459214 5
634904 5
459216 5
20821 0
178718 5
1108209 5
1112665 4
1104647 5
1140289 4
66563 5
67292 4
66564 5
154047 4
642930 4
654519 5
178727 5
1135108 2
593201 5
162075 4
593209 5
107569 4
1123530 5
1135115 4
1132285 3
1131557 5
162080 4
3932 6
593210 5
118424 4
1135122 4
634938 5
1131565 4
20857 0
118435 4
118436 4
643695 2
1130847 5
1111978 2
1154012 2
1108258 6
49844 0
49847 0
189620 2
189623 2
1108267 6
1050679 5
634975 5
1114838 3
577227 5
28026 6
601561 0
24476 2
1026 5
95642 6
270600 4
145384 1
16461 4
35335 4
1138027 6
1035 1
1114864 6
1154068 2
449841 0
1154071 2
1106854 4
210309 3
801170 5
251756 5
645870 2
144679 6
1138043 3
86923 4
342802 4
1152633 2
711527 3
684372 4
216878 3
62274 3
72406 1
101811 3
246618 5
1136631 3
1152676 5
235776 3
57119 5
119956 4
948147 4
739816 4
3222 6
1117786 0
1110520 4
36802 2
3232 3
3237 2
1111265 4
695284 3
37541 3
1110546 5
71736 2
1135955 4
12155 3
258259 4
1114118 4
606647 5
12165 3
1110563 4
12169 3
1133004 4
1133008 4
1102567 6
12195 3
28851 5
644427 2
1113438 5
1121459 6
689439 0
633585 2
31083 3
6152 1
1119987 6
1114184 4
82664 6
82666 6
672070 4
672071 4
632874 2
1114192 4
644470 2
5462 4
594011 5
20924 2
1131634 4
1120786 4
1112767 4
180301 2
160705 4
628458 4
628459 4
1130915 4
1116336 2
390889 4
57922 3
594039 5
13654 4
57932 4
73972 6
198443 5
60159 4
101143 6
101145 6
763181 4
44121 2
593328 5
259772 6
189708 2
60169 4
24530 1
467383 5
20972 1
13686 4
152731 4
118558 1
118559 1
1154123 4
1154124 4
1126503 6
40583 2
95719 2
693143 3
36131 2
1123689 2
6913 2
256106 4
36140 3
1115670 0
1108389 2
6923 0
6925 4
36162 2
62329 5
36167 1
6941 0
245288 1
62333 4
189774 2
1133846 4
167205 0
62347 1
267003 4
1114992 4
1112026 4
1119295 0
1111304 1
964248 2
45603 1
1109830 4
1152761 5
62389 6
444191 4
263482 0
263486 0
263498 5
675756 4
1125895 1
627024 4
12211 3
643069 2
1112075 4
884094 2
120817 4
1110628 2
18770 2
18773 2
173863 2
1130243 2
1102625 6
63812 6
18781 3
18785 2
1129494 4
578845 5
68115 6
293271 1
63835 6
1919 2
164 3
293285 3
12275 4
1103383 5
1114239 5
6215 1
288107 3
385067 6
1121537 3
1103394 6
6224 1
2663 4
104840 3
632935 2
1106236 6
375605 5
1132406 4
28964 2
308003 0
47839 1
753070 3
563613 4
1132416 4
2695 4
2696 4
2698 4
1105530 4
1113551 6
688824 4
1138968 5
1120858 4
40605 2
1132443 4
1999 3
33325 3
644577 2
66751 3
594119 5
1132461 4
1115701 2
1131741 5
270085 5
1136040 4
1131752 5
1131754 5
4878 6
1123756 5
1135345 4
1107728 4
1154232 2
1154233 2
17363 4
1213 0
149139 3
28230 2
50838 4
1125906 2
32698 2
754594 4
1133930 0
1115790 4
28249 1
1237 4
684531 4
238099 0
131042 4
444240 5
1112106 4
27535 2
28267 6
1120138 4
1117920 2
1125944 6
1118658 3
263553 4
1125953 0
114308 1
630817 4
687401 4
594900 5
10174 3
73323 6
46431 4
202520 2
15987 2
10186 3
294030 2
675847 4
190697 5
576795 5
1125993 6
519318 2
1120197 4
1152896 6
1122304 4
2702 4
1129572 4
1112194 4
29738 2
1128868 4
633721 2
630890 4
1123068 2
561568 2
733534 4
1102751 3
1114336 6
1123087 4
6311 3
116512 4
6318 6
7047 1
1123093 0
1103499 2
151430 0
431206 2
372862 0
561593 2
1106330 6
1105603 4
1132505 4
74821 2
6344 6
116545 5
733576 4
1112911 5
1105622 4
1102794 0
262108 4
116552 5
41417 6
1140543 4
14529 6
1117219 4
1107095 0
1140548 4
523010 4
42156 4
262121 5
22564 6
14545 4
22566 6
1106388 0
429781 3
335042 4
219218 2
610529 4
250566 6
1104946 3
195792 5
1152179 4
89308 6
350373 3
628667 1
628668 1
102061 5
430574 4
1107808 4
1110028 3
45052 2
89335 6
252715 0
4983 5
646837 5
1139009 4
252725 0
593544 5
299195 4
593559 5
1108570 3
272345 6
593560 5
70520 1
131122 4
8591 0
217852 0
264347 3
7867 6
27612 3
1152917 2
28359 1
103528 6
46500 3
27631 6
289779 5
103537 2
633081 2
255628 4
397590 0
1129610 5
50980 6
28385 1
427606 5
616336 0
1120252 2
1152958 4
1152959 4
1385 4
254923 5
34961 4
46547 3
13136 4
1131137 2
233106 4
561613 2
1131149 4
1104258 4
1152991 2
447250 4
115188 4
102879 3
1131150 4
56708 1
1128943 5
134060 3
102884 3
1131163 4
4274 6
1131172 2
767763 3
152226 3
152227 3
626530 2
626531 2
1131180 2
1130454 2
1131184 4
1128974 5
1128975 5
1128977 5
1128978 5
117328 6
24043 4
